  2.5      3.0       3.5     4.0      4.5      5.0       5.5      6.0
463.0690 476.9914 471.4948 470.5495 475.2509 461.2715 471.7968 482.0659
455.6522 463.0328 467.4153 467.8423 474.2614 468.4665 485.5593 468.3980
449.0426 464.2815 467.6867 457.1309 477.5716 476.0254 476.2796 468.7883
460.0038 468.0858 478.6804 481.6956 477.6361 473.6527 474.0701 478.6612
464.5948 469.7889 483.8494 473.9912 483.9867 467.5290 475.3802 462.6824
469.9841 475.3449 470.2909 472.5039 471.6108 465.6473 479.6106 474.8861
456.7853 471.2884 461.9285 465.7363 461.3774 470.7651 463.8786 460.8081
456.2993 465.0710 473.9759 467.3016 463.0753 472.2623 475.7194 467.8888
456.7360 463.1929 468.8968 475.7532 465.8052 467.1335 476.1063 483.2377
465.4734 464.9562 466.3769 473.6829 472.0359 465.3648 469.6723 465.5507
462.1288 469.2935 466.4504 468.2222 473.9976 463.0553 474.7719 468.7463
455.7178 469.3252 475.2705 462.5124 471.0111 480.8336 472.8647 480.2106
460.8846 468.4213 476.2081 465.8991 464.2685 479.5856 471.3326 479.1780
457.9114 468.6696 470.1007 469.0832 479.2171 471.1357 470.6250 477.0505
458.6802 470.4633 472.7322 471.1247 470.9458 472.9192 462.7512 463.2574
464.8169 475.1825 466.2391 470.9367 472.8133 472.5920 474.1553 470.6039
467.5280 469.1523 464.5129 477.4443 470.7580 477.5975 464.2073 479.8891
466.7665 471.6798 469.8744 472.8715 480.1887 475.8643 468.2899 471.0384
469.2835 471.6056 466.5147 472.3880 466.4934 464.6952 465.7866 459.2954
458.4426 475.1817 464.3004 467.6780 466.7019 465.9910 471.8014 474.7419
459.4665 467.5465 471.7206 472.5331 476.1484 477.8344 472.0554 471.1195
460.0517 458.8018 481.3558 474.3697 476.9468 478.0295 477.4529 473.1704
467.9857 465.3737 475.3749 463.0876 465.9888 475.5997 461.4102 468.6852
455.8768 469.3634 469.0499 476.6935 465.8033 472.0951 472.5173 461.0110
463.2138 474.9427 470.7400 465.6984 476.5192 475.3370 472.7894 465.7189
446.0182 466.7788 476.4133 477.0525 478.7210 463.7025 469.9188 474.5694
462.9661 460.0315 471.9089 479.2237 465.9722 462.0864 469.6285 462.3083
454.4335 465.8519 478.4408 464.1960 475.7360 472.9384 462.4443 474.4041
470.0157 462.6844 489.0073 465.1897 477.2922 474.8613 480.2192 482.6462
452.3075 473.2468 471.8421 467.4992 470.4520 466.3609 473.9595 467.9173
453.5303 478.5498 464.4540 473.6657 470.7560 468.3163 467.0363 471.8042
456.9236 465.0195 472.0295 475.6547 472.0071 470.7984 469.1157 473.0630
448.8292 458.8025 480.6459 470.8349 467.5073 468.5149 469.3834 473.1342
455.9863 465.1507 465.7015 467.5550 462.5692 464.2539 463.2167 468.4845
449.9593 465.4201 469.1257 467.2024 466.3334 461.0439 481.6760 460.6412
455.6665 463.8174 485.5922 471.6675 472.8378 470.5018 462.9251 475.7750
463.5621 459.4842 469.0505 472.2864 469.4725 476.9553 477.7938 473.8785
461.7884 470.1899 468.7046 473.1478 472.5897 468.8334 466.6878 457.6268
456.7983 474.3304 464.3614 467.8016 474.6646 464.8899 477.7939 468.3359
457.2525 467.9953 480.7273 467.2330 469.8694 475.3127 467.6405 474.3255
450.5762 462.6765 479.9732 468.1488 470.6098 482.1717 473.1263 473.3205
456.6510 465.9705 467.1995 469.5146 470.4314 471.2054 471.9846 469.3531
453.0487 467.9957 469.3416 478.6087 470.9279 476.5008 478.8226 480.0975
453.5228 473.1674 469.5530 469.0387 470.8089 466.0453 470.7128 476.8376
461.6111 470.7782 479.8161 465.3648 468.6557 467.8699 470.2187 466.8130
454.5105 466.7330 478.5332 461.4178 475.3286 482.4692 474.8698 464.5551
465.3915 461.0289 472.0039 466.0292 474.5303 469.7644 487.4371 480.0668
453.2740 470.4659 482.2242 471.4689 471.4319 466.7738 468.8685 476.3587
461.8322 473.7653 479.1369 463.1511 471.2977 469.1422 473.0258 472.8920
457.0702 465.3575 461.0219 469.7191 473.7227 470.2878 472.9221 477.4613
459.2750 471.6735 479.0193 467.3714 465.1074 476.2627 466.4844 474.0965
461.3399 468.0853 479.7202 468.0242 469.5617 480.8409 471.3668 471.2866
457.4220 467.8557 466.9915 461.1183 461.4250 477.0738 473.5749 466.2851
455.1012 461.0320 471.3505 464.6220 465.8432 476.1206 473.7834 470.0424
456.6585 468.9428 467.8849 474.6568 470.3578 469.9986 470.4892 482.2850
458.5388 461.0774 474.8035 484.2007 474.0523 475.1571 478.5990 470.6800
459.0789 460.8964 480.0684 469.0133 466.2857 470.4198 470.8618 472.0839
456.0606 466.0172 472.2914 462.7218 467.6983 466.7240 478.2502 464.3864
459.3293 461.7506 471.9910 464.7539 471.5757 476.4092 472.1483 480.6918
456.4101 464.9010 475.2618 468.7936 465.5088 484.2055 470.3156 480.4574
457.6117 473.1555 472.2566 472.1350 479.4973 473.1597 474.1586 481.5200
460.4326 474.8538 474.4059 480.8612 482.2389 477.7317 465.4682 473.1384
458.9306 467.4996 473.2035 474.7862 468.2489 466.3017 464.4385 474.0854
461.3237 465.5550 474.1940 474.7407 475.8844 470.7334 477.2261 472.5729
455.4708 468.2784 472.3971 466.1797 480.2189 470.7785 473.2426 465.9607
459.5691 480.1778 472.7908 473.8739 475.2869 470.1084 461.9858 470.8088
460.1771 468.5688 473.4105 472.8614 482.1711 468.1245 476.2870 476.3769
465.2013 469.5265 476.6000 466.3639 471.5646 478.4187 473.9419 466.6367
451.9751 477.4336 472.5881 464.4964 465.4556 473.1134 474.7023 475.8874
447.4632 468.6715 458.5557 467.3807 475.9412 472.1338 480.7154 473.0536
458.9885 468.4468 462.7170 467.1591 465.2005 464.7399 477.5736 469.0013
461.6743 472.9911 477.2400 465.9336 468.4430 473.1854 463.6274 474.3881
456.8870 468.8531 471.1772 466.4334 484.1803 474.7060 469.7317 480.1939
454.6528 463.6820 461.5851 471.1262 472.6794 463.5199 472.3064 481.1213
457.8602 470.9101 469.6395 475.1415 470.8050 471.6979 477.7916 464.2895
460.7568 469.1386 469.5388 464.5525 472.7571 476.1512 463.8115 471.8244
463.9469 466.3352 472.6315 461.4381 463.5527 472.1510 469.1688 467.0129
457.8219 469.0337 466.8525 470.2651 476.2804 480.4611 476.5227 469.9589
454.0177 465.6343 468.6168 476.1448 466.4824 466.5150 462.4021 468.8272
456.2650 470.3005 475.3338 476.8341 468.9831 473.9576 474.7610 466.5572
467.6639 468.6213 476.5429 474.7812 463.7696 472.8667 468.9899 453.6464
464.9892 473.6164 478.5120 460.5166 468.1885 471.2679 472.1301 474.1214
453.6329 464.0084 483.9337 465.5846 474.9219 468.0581 473.4268 467.7239
455.0834 465.0189 463.8576 466.8364 473.5804 474.6422 475.0445 468.5027
444.6200 472.4405 462.5705 472.7258 467.0252 485.5566 474.9717 471.8202
456.0538 472.3575 470.2697 469.0979 465.5325 480.1379 478.9149 473.5149
464.6596 460.4832 469.7196 469.7003 468.3412 466.8372 478.2818 464.6327
459.2321 461.8035 468.1473 467.8169 472.6204 477.6880 469.9511 462.6713
462.6511 468.0931 480.3363 464.0256 479.4182 471.1333 476.0282 476.6324
459.9999 468.9594 478.0605 473.5002 476.4456 470.2941 477.9644 480.5816
465.5574 458.8275 476.6179 470.9874 472.8780 459.0137 474.4219 468.4469
465.6251 469.6453 472.9372 468.6210 466.0764 470.7880 471.9218 478.7321
465.1348 469.4072 474.6776 473.8165 473.1234 479.5669 467.9679 471.5134
468.1791 466.9985 480.4309 473.4446 460.1726 468.5082 479.1240 464.2589
454.9408 464.6117 479.3874 470.9986 467.2104 484.5800 469.8931 472.6713
458.9436 463.1977 472.9700 473.5894 476.7314 468.2480 479.9083 468.7818
454.5908 470.2346 465.7290 471.4148 473.9690 481.1039 466.6602 475.3466
465.9740 459.8722 472.7312 470.6930 465.5090 474.9459 470.4731 475.9475
472.3092 466.9759 484.2136 470.4291 467.9539 476.2236 466.1420 469.6864
459.8060 473.4611 471.8291 474.2833 464.5509 468.0005 471.6814 469.2964
462.5745 474.6446 477.6826 470.2380 476.1411 472.5908 465.0396 469.2634
457.2349 471.7787 471.1021 468.0175 483.7625 470.2259 474.3700 467.2126
466.9907 459.6829 476.4398 471.3607 471.9421 471.2729 493.0276 467.7636
466.8037 465.1495 485.0900 474.7645 459.8665 475.9751 466.1047 472.8374
468.3588 472.3681 480.4282 477.9375 466.1820 460.3748 468.9942 477.9733
455.2216 475.1636 474.5781 469.3383 468.8496 466.4755 467.1388 471.9022
457.1845 465.9095 475.4714 465.8464 478.7943 467.4708 474.4329 463.6322
459.3468 462.5422 467.6486 469.4643 472.4562 473.6275 467.3074 464.5279
453.3393 466.8786 467.6184 468.9028 464.9176 468.4820 470.3982 476.8701
454.5176 462.6607 467.0609 472.2311 480.4175 462.6778 471.2722 475.2829
460.5487 470.0338 467.8932 466.6859 480.0976 475.7697 464.9866 469.0709
458.6569 470.2410 477.1446 463.1972 469.8306 463.5759 473.0022 469.2122
462.0895 454.8633 472.9679 471.6255 460.8165 479.8162 468.7783 462.1438
460.8716 470.6506 471.0148 470.2733 469.9366 476.8752 468.2924 480.0409
454.6386 466.7703 469.3658 463.3266 475.3293 467.1908 475.6427 471.5654
461.0080 468.2715 482.3967 469.8168 471.3065 466.9404 472.2201 468.5986
450.6839 462.8121 471.9373 472.1176 466.2191 468.8367 478.7868 474.7362
457.5362 464.3724 468.8349 471.7294 473.1678 472.4752 465.4065 471.9325
458.0660 469.1312 465.5269 471.1702 472.3825 471.0916 466.1229 471.4856
459.0802 469.8834 481.3390 464.7446 476.0471 474.2723 472.2583 471.4154
459.5405 473.4377 475.4571 467.4616 470.1025 473.4634 472.3247 475.5044
462.5687 467.4024 462.2781 467.6826 474.7823 467.1331 467.9310 472.9597
456.4608 476.1765 474.0573 473.7137 475.5297 463.6415 479.8044 467.3996
456.7637 463.0392 474.8141 466.3758 477.6647 478.2149 471.3532 465.1096
448.4688 469.8576 471.1051 461.8890 473.9182 470.3531 462.9088 485.9415
449.6746 478.8617 466.5787 465.0119 472.9754 478.0635 463.9652 465.5049
458.3903 471.0423 471.6103 474.6277 470.2809 469.7782 473.5193 469.1372
454.8142 462.0689 470.6892 475.6047 466.4750 458.2381 469.7919 472.1772
461.9848 461.0679 469.9958 465.7162 462.8848 478.8053 470.2506 458.7943
460.8287 466.8919 464.2122 462.4289 475.0094 475.1441 469.9602 476.3427
460.8206 473.4910 468.3054 472.4689 486.3832 471.8109 473.2750 451.0022
457.4096 467.4276 469.4462 468.1602 468.4797 473.5166 481.4022 483.2683
453.4068 466.1295 469.0211 472.3140 466.9639 470.4453 473.4276 463.9451
454.9943 460.1788 475.0929 460.9751 470.0305 475.1197 465.0660 437.1781
461.0819 464.3073 472.2903 474.1512 473.0899 473.7739 470.3314 480.9941
460.1714 468.4016 466.3425 474.1631 470.9216 470.1253 474.6467 469.5897
458.5522 467.9954 465.9199 473.9455 474.0841 476.4593 466.1734 459.2620
459.2663 465.6828 473.2241 472.4186 477.1042 486.6629 476.1533 469.0720
454.9704 472.6144 482.2255 459.7503 472.8829 476.7908 468.0273 458.4211
459.7887 469.9055 473.9135 470.6962 468.4495 472.7708 469.9271 468.2010
464.6051 466.4760 467.7469 474.5980 467.1808 467.5363 475.9341 470.0054
463.0245 470.4725 469.3800 464.4887 474.9093 472.5920 470.0273 465.2225
462.1651 467.2493 478.8545 460.1609 467.9361 474.7326 478.0799 471.4245
457.6998 468.1386 471.7453 466.2090 467.8566 475.3033 468.7276 467.8123
456.9990 468.7401 473.0752 473.5025 472.9504 478.5193 471.3673 473.4186
457.8962 476.0009 468.6901 476.4993 475.2662 475.7820 475.0577 470.0786
459.2774 470.7512 459.4268 474.9524 471.9383 463.8653 466.3112 458.6924
467.1175 465.5167 471.8311 469.5279 459.2444 476.6138 473.0727 464.7186
452.9961 467.1776 475.1644 472.5120 470.0961 480.7299 463.2910 468.7029
456.0691 472.5970 471.2392 459.7982 472.3093 468.9843 476.2528 null
452.3769 465.5149 467.9997 467.9378 470.2456 471.2301 467.8850 461.9430
450.9137 473.8531 472.1447 474.3905 461.3685 476.4950 466.9423 475.1751
449.8040 469.1697 485.4540 473.4299 467.5214 481.6836 469.6787 468.6269
450.2582 468.7768 467.9277 465.6074 468.2169 477.4548 470.6552 462.9873
456.6132 463.3515 469.4652 473.2004 471.4898 472.8396 469.9087 470.1600
459.1129 467.8310 469.7325 477.2406 471.2204 474.8391 472.4900 478.1256
455.0491 473.9340 483.6569 474.8898 480.6257 464.8271 462.4554 470.7401
456.1593 465.2727 480.3223 464.3365 476.3267 470.6988 475.7997 459.1625
459.7739 472.3209 471.4262 465.5074 470.6755 475.9518 474.4030 469.3996
446.8135 473.0744 474.5464 469.6999 463.1220 465.4990 464.6238 467.9556
449.4524 469.2851 459.9985 472.2142 469.1826 474.8150 470.6961 469.1361
451.6550 472.0194 480.6535 468.1925 469.0266 474.5303 463.6290 464.3998
456.1940 468.7072 473.3704 465.1307 471.3503 477.0481 470.1213 477.4912
448.2551 466.5271 476.9522 473.6419 481.5493 472.6745 472.3188 478.0134
461.9925 468.9049 466.4162 476.4300 469.9451 476.8018 476.9340 471.8521
450.2173 466.2709 472.4829 471.8354 465.3496 469.9726 470.5639 477.1973
452.9501 472.7473 472.1620 465.7991 465.4378 468.0749 460.6559 471.6488
451.7598 482.2703 468.3452 472.8821 469.0380 472.6792 479.7509 474.8565
461.7142 470.3418 469.1801 477.4957 467.8655 476.2182 467.9067 467.0315
453.2631 467.5153 477.1689 475.2707 466.0201 482.2217 468.0530 467.8463
453.9189 465.0079 463.9048 464.7056 472.0248 468.4785 469.7299 468.7894
455.1131 471.7067 471.4561 462.1741 476.7636 471.7024 468.4884 468.4942
450.5304 470.0784 466.2033 470.1495 472.7174 475.5435 471.6731 477.1761
459.0798 458.3923 461.9852 471.4841 466.8422 475.8147 472.2806 474.4642
459.6751 476.3608 474.6305 466.7115 467.5110 484.8247 471.4081 464.0792
454.7124 471.2188 462.8705 478.4317 481.1000 476.9668 474.6020 466.1972
452.6042 468.2390 471.2427 471.0324 476.9132 459.7341 465.9909 473.0514
451.5710 461.2176 463.5055 466.0929 465.2686 469.7021 474.9686 458.1813
455.0577 465.3116 466.9128 464.0916 473.0783 480.0137 467.1693 465.2412
452.8376 473.2845 469.9064 477.7447 468.8718 471.1662 480.5630 476.2690
459.5039 469.6276 475.5907 474.8237 460.1883 467.3638 466.2932 466.7900
467.4938 467.8098 468.3979 464.1751 457.5156 474.1683 478.1293 426.4926
460.3503 469.4553 466.5263 469.9844 466.5656 476.2104 463.1411 468.7120
460.6326 472.4557 465.6983 478.1042 477.2306 474.2679 477.3912 476.4257
463.9973 466.8697 467.7922 467.8103 470.5346 473.2014 474.6498 465.8383
452.9184 467.9631 476.6241 474.5919 461.0141 476.0537 470.4617 467.8618
453.3277 461.4143 468.5146 465.9315 463.2166 482.1245 471.1233 447.9429
456.6229 464.7218 465.2804 478.6441 470.7212 465.8339 471.2205 470.8184
459.8547 471.4748 475.9825 478.0579 479.0864 456.7873 470.1970 469.3739
461.2437 474.6561 477.6699 467.2494 474.5594 476.0429 466.9079 480.2212
454.1227 469.2750 471.0133 465.8325 475.2564 472.7030 475.1993 463.1115
459.6843 467.1723 474.2531 473.9915 468.4869 474.3355 464.6714 469.3376
464.2015 460.6974 472.9621 473.2956 470.1556 471.7778 474.2583 470.3921
467.8418 470.1676 466.4468 470.5511 478.3277 479.5150 463.3997 472.5958
456.9746 465.4994 474.7498 477.8358 468.6362 464.7275 509.7813 465.6905
464.7890 null     477.5148 478.1886 468.5062 463.5032 474.4398 464.7991
463.0471 464.0229 476.1578 460.8981 474.1955 466.8945 468.1982 463.6633
461.5579 460.3635 465.2615 473.4394 474.2644 483.7139 477.6938 470.2009
466.4093 461.8539 465.4437 468.4971 455.3315 470.8402 469.6505 469.7816
466.2396 473.6331 473.0336 464.0644 470.1778 462.7474 477.5370 469.9554
458.8423 465.9929 477.2006 463.4094 471.3205 468.6671 467.4009 466.8409
458.3874 457.3800 469.7608 465.6878 470.2247 478.3945 475.0631 467.0310
458.1958 456.9589 475.7148 475.0192 473.4096 473.9983 470.4457 458.6176
471.7390 475.2259 474.2304 476.4226 459.5107 464.0234 474.5872 null
460.0940 469.9432 464.2076 466.2806 473.0460 469.5371 467.5689 471.9304
456.0444 473.7786 467.6589 466.4114 474.5113 476.2631 470.4719 470.5361
472.9071 464.9869 474.0800 476.2340 471.1493 476.2159 464.8218 468.4116
463.5113 463.0167 473.8492 483.7905 468.9967 475.7363 474.8820 463.5949
457.8437 464.4278 471.3026 472.1936 468.8654 462.1959 469.3654 463.6612
455.8680 466.7963 471.1892 456.1473 473.0195 455.8609 473.6889 464.5742
466.3364 464.1265 470.8486 477.7266 467.9161 466.1685 469.1492 466.4468
460.3231 456.2195 471.0512 480.2327 464.8132 468.1145 470.5234 464.9251
451.2348 467.6166 466.5178 469.8105 470.3610 459.6212 479.5507 468.8078
462.9889 469.7860 471.8718 464.1949 466.3371 465.0227 468.1309 466.1606
455.8643 466.3717 477.5395 472.0550 469.2199 479.1856 472.9792 463.6804
451.5482 459.1323 479.6708 475.8255 481.6117 471.4949 474.8912 476.4057
459.6034 460.5455 466.1208 479.5329 462.8052 468.4688 472.6588 482.1014
465.7205 474.7267 473.8969 464.8639 461.7792 475.3839 473.3467 468.7535
457.0296 469.0369 470.8724 471.6864 462.7510 468.4275 468.5725 466.8373
456.0785 464.2747 480.8038 467.8143 461.0273 473.6468 479.3530 null
466.6200 458.8835 474.5123 471.4559 466.7303 482.4391 451.0851 474.0832
464.0316 470.4889 466.9670 465.9171 468.0002 474.6028 473.6226 474.3012
462.0555 476.8182 469.1798 472.5274 463.5220 461.9126 482.5519 477.0222
461.3063 467.2023 470.1711 470.3166 478.7067 472.9295 462.8325 471.0968
466.9276 462.9707 462.5936 467.4870 461.3249 476.5933 475.2395 469.0772
454.6873 465.9100 473.6792 473.5724 467.1704 460.0489 462.3589 474.5993
452.3143 471.8965 462.9831 474.4660 473.3644 473.5717 471.6485 453.3343
450.7578 470.0410 465.2068 468.7677 476.8288 473.1432 466.0204 466.9625
458.2074 468.4521 477.4664 471.1321 463.6052 465.6126 469.9658 476.5182
457.6817 462.6800 470.4895 476.8633 470.3417 477.7535 474.8687 471.4305
452.3133 473.7415 473.0208 479.4957 475.1363 479.1995 468.1563 471.1733
464.7557 473.4725 471.8418 472.8535 484.2855 471.1987 null     463.6732
458.6881 466.1766 475.4933 465.8830 463.7240 464.2074 461.9645 474.2168
462.9679 459.3280 464.0416 466.1474 460.3953 480.1707 473.6112 478.4740
453.8780 469.4010 467.9021 461.8799 458.7658 471.8705 468.2060 482.6348
455.1220 472.4931 470.1672 464.2850 467.3755 472.7971 471.4160 472.0352
460.3145 472.2330 477.8607 475.4181 474.7986 466.5508 473.1708 482.1623
460.4227 470.9208 470.4870 465.3654 469.7354 471.3065 471.8695 472.9147
456.2526 466.7046 464.0526 472.6718 475.4996 473.7555 460.3934 469.5236
459.0387 469.6535 473.1908 467.0837 466.2975 477.1939 478.7762 470.1332
460.5920 466.8230 464.7705 471.7085 468.1204 474.3268 469.3784 467.4465
457.5928 474.0327 465.6134 460.7406 479.2986 468.0137 467.6992 473.7171
458.9903 463.3806 470.5518 475.0165 480.2903 472.8712 474.2803 473.7875
460.8272 468.6519 472.9426 476.4019 474.4107 474.9170 467.5921 476.3716
457.3941 464.0399 457.7424 467.0705 467.7275 467.6880 470.0674 469.0762
451.5470 467.7849 471.0604 467.2584 469.6885 465.7787 466.5344 484.3140
449.3227 471.0340 477.0022 460.4839 468.0213 471.6937 478.9688 475.4486
450.5711 466.8223 475.2123 467.6777 474.7315 471.8343 462.9672 470.3165
453.5757 470.0500 474.7077 474.8428 475.9808 476.0384 477.0511 469.9385
457.3646 472.7366 467.9896 473.8771 472.0760 474.5514 471.2656 471.5727
